image_width: 1280
image_height: 720
camera_name: camera
camera_matrix:
  rows: 3
  cols: 3
  data: [893.316486411092, 0, 673.750778624101, 0, 897.314722331107, 332.935163447342, 0, 0, 1]
distortion_model: plumb_bob
distortion_coefficients:
  rows: 1
  cols: 5
  data: [0.0812943976701216, -0.0865703596537323, -0.00227391145768468, 0.00503748202192182, 0]
rectification_matrix:
  rows: 3
  cols: 3
  data: [1, 0, 0, 0, 1, 0, 0, 0, 1]
projection_matrix:
  rows: 3
  cols: 4
  data: [908.970825195312, 0, 680.620702524961, 0, 0, 917.970703125, 330.629918925755, 0, 0, 0, 1, 0]