image_width: 640
image_height: 480
camera_name: camera
camera_matrix:
  rows: 3
  cols: 3
  data: [569.638070421894, 0, 321.449174211644, 0, 568.679161406759, 238.852090629751, 0, 0, 1]
distortion_model: plumb_bob
distortion_coefficients:
  rows: 1
  cols: 5
  data: [0.250405812180335, -0.712136388069893, -0.00265383918356654, 0.00239394913352232, 0]
rectification_matrix:
  rows: 3
  cols: 3
  data: [1, 0, 0, 0, 1, 0, 0, 0, 1]
projection_matrix:
  rows: 3
  cols: 4
  data: [573.905334472656, 0, 322.573507367833, 0, 0, 580.252807617188, 237.545893920829, 0, 0, 0, 1, 0]