image_width: 640
image_height: 480
camera_name: left_camera
camera_matrix:
  rows: 3
  cols: 3
  data: [579.296729065294, 0, 316.432258537492, 0, 576.941994494371, 242.712796883902, 0, 0, 1]
distortion_model: plumb_bob
distortion_coefficients:
  rows: 1
  cols: 5
  data: [0.269329761740392, -0.903251769534814, 0.00112572365579999, -0.00144940904534382, 0]
rectification_matrix:
  rows: 3
  cols: 3
  data: [0.74570526414666, 0.638543741306769, -0.190224996942868, -0.649030880513367, 0.760705910755731, 0.00924302338722809, 0.150607354282597, 0.116569326064996, 0.98169700878466]
projection_matrix:
  rows: 3
  cols: 4
  data: [12892.1595849214, 0, 485.469192743301, 0, 0, 12892.1595849214, 24.5409669876099, 0, 0, 0, 1, 0]