image_width: 640
image_height: 480
camera_name: right_camera
camera_matrix:
  rows: 3
  cols: 3
  data: [624.299856871756, 0, 301.271228092343, 0, 621.481634390737, 245.785403159272, 0, 0, 1]
distortion_model: plumb_bob
distortion_coefficients:
  rows: 1
  cols: 5
  data: [0.116845444207617, -0.183462300275494, -0.00617419829964713, -0.0135409856233327, 0]
rectification_matrix:
  rows: 3
  cols: 3
  data: [0.748393015266298, 0.652981384305024, -0.116289322174107, -0.644604042463821, 0.757367605064301, 0.10430694722052, 0.15618426021824, -0.00310202357478045, 0.987723065595728]
projection_matrix:
  rows: 3
  cols: 4
  data: [12892.1595849214, 0, 485.469192743301, 489.717923870237, 0, 12892.1595849214, 24.5409669876099, 0, 0, 0, 1, 0]