image_width: 640
image_height: 480
camera_name: camera
camera_matrix:
  rows: 3
  cols: 3
  data: [582.894875637988, 0, 316.072416813805, 0, 581.392226490404, 247.398123120947, 0, 0, 1]
distortion_model: plumb_bob
distortion_coefficients:
  rows: 1
  cols: 5
  data: [0.22742601521383, -0.627193368386281, -0.000316992373421617, -0.000368365582302852, 0]
rectification_matrix:
  rows: 3
  cols: 3
  data: [1, 0, 0, 0, 1, 0, 0, 0, 1]
projection_matrix:
  rows: 3
  cols: 4
  data: [589.293640136719, 0, 315.021428385946, 0, 0, 592.17431640625, 246.785901436553, 0, 0, 0, 1, 0]