# oST version 5.0 parameters


[image]

width
320

height
240

[narrow_stereo/left]

camera matrix
305.336549 0.000000 146.907336
0.000000 303.887414 121.860366
0.000000 0.000000 1.000000

distortion
0.134870 -0.271694 0.005315 -0.013268 0.000000

rectification
1.000000 0.000000 0.000000
0.000000 1.000000 0.000000
0.000000 0.000000 1.000000

projection
308.627075 0.000000 142.767572 0.000000
0.000000 310.532959 122.350882 0.000000
0.000000 0.000000 1.000000 0.000000

