# oST version 5.0 parameters


[image]

width
1280

height
720

[narrow_stereo/left]

camera matrix
926.822517 0.000000 661.760527
0.000000 923.582184 357.975737
0.000000 0.000000 1.000000

distortion
0.107370 -0.185235 -0.001878 -0.000591 0.000000

rectification
1.000000 0.000000 0.000000
0.000000 1.000000 0.000000
0.000000 0.000000 1.000000

projection
934.842834 0.000000 661.846944 0.000000
0.000000 936.987732 356.489782 0.000000
0.000000 0.000000 1.000000 0.000000

