image_width: 1280
image_height: 720
camera_name: right
camera_matrix:
  rows: 3
  cols: 3
  data: [1144.030083, 0, 676.053428, 0, 1162.476822, 474.317361, 0, 0, 1]
distortion_model: plumb_bob
distortion_coefficients:
  rows: 1
  cols: 5
  data: [0.062512, 0.362326, 0.025443, -0.012843, 0]
rectification_matrix:
  rows: 3
  cols: 3
  data: [1, 0, 0, 0, 1, 0, 0, 0, 1]
projection_matrix:
  rows: 3
  cols: 4
  data: [1227.000244, 0, 658.567904, 0, 0, 1257.629761, 483.340504, 0, 0, 0, 1, 0]
