image_width: 640
image_height: 480
camera_name: camera
camera_matrix:
  rows: 3
  cols: 3
  data: [615.393587787218, 0, 316.697962205859, 0, 615.643705760135, 257.483125004668, 0, 0, 1]
distortion_model: plumb_bob
distortion_coefficients:
  rows: 1
  cols: 5
  data: [0.151615778684656, -0.348093621480495, 0.00475161578749028, -0.00601576873256825, 0]
rectification_matrix:
  rows: 3
  cols: 3
  data: [1, 0, 0, 0, 1, 0, 0, 0, 1]
projection_matrix:
  rows: 3
  cols: 4
  data: [624.331604003906, 0, 313.105990050743, 0, 0, 626.299560546875, 258.621561935921, 0, 0, 0, 1, 0]